% Fama French 10 portfolios sorted on BE/ME Annual data. Copyright Ken French. Net (not percent) excess returns
        1952     0.1266     0.0816     0.1305     0.1686     0.1125     0.0765     0.1122     0.1451     0.0342     0.3043 
        1953     0.0232     0.0100    -0.0306    -0.0174     0.0193    -0.0389    -0.0912    -0.0462    -0.0901    -0.1637 
        1954     0.5142     0.3791     0.4441     0.4030     0.5769     0.6185     0.5508     0.8108     0.6501     0.6951 
        1955     0.3058     0.1930     0.2028     0.2439     0.1902     0.2318     0.1729     0.3424     0.2328     0.1696 
        1956     0.0126     0.0665     0.0760     0.1178     0.1788     0.0754     0.0716     0.0565     0.0283    -0.0339 
        1957    -0.1348    -0.0894    -0.1445    -0.1117    -0.1219    -0.0724    -0.2336    -0.2406    -0.1941    -0.2945 
        1958     0.4430     0.3601     0.3958     0.3994     0.5783     0.3546     0.3684     0.6552     0.7455     0.7660 
        1959     0.2114     0.0322    -0.0011     0.1047     0.0821     0.0835     0.0230     0.1675     0.1154     0.1721 
        1960    -0.0658     0.0103    -0.0623     0.0006     0.1468    -0.0136    -0.0494    -0.0814    -0.0795    -0.1978 
        1961     0.2066     0.2324     0.2844     0.2732     0.2310     0.2779     0.2456     0.2837     0.2209     0.2993 
        1962    -0.1971    -0.1033    -0.0805    -0.1251    -0.1373    -0.0022    -0.1533    -0.0761    -0.0780    -0.0690 
        1963     0.1587     0.2258     0.1913     0.0953     0.1412     0.1771     0.2185     0.2647     0.2579     0.3285 
        1964     0.1084     0.1627     0.0585     0.1459     0.1934     0.1436     0.1833     0.1700     0.1393     0.2245 
        1965     0.1593     0.0659     0.0450    -0.0295     0.0840     0.1785     0.1657     0.1986     0.1862     0.3425 
        1966    -0.1335    -0.1901    -0.1597    -0.1432    -0.1433    -0.0215    -0.0613    -0.1110    -0.1433    -0.1790 
        1967     0.3568     0.1829     0.1750     0.1877     0.0826     0.1309     0.2916     0.3695     0.3543     0.3454 
        1968    -0.0336     0.0497     0.0319     0.0729     0.0809     0.1842     0.1844     0.2593     0.3124     0.2548 
        1969     0.0069    -0.1248    -0.1604    -0.2605    -0.1838    -0.2119    -0.3060    -0.2239    -0.2431    -0.3171 
        1970    -0.1957    -0.1239    -0.0220    -0.0991    -0.0101    -0.0399     0.0746     0.0602     0.0448     0.0037 
        1971     0.2098     0.2129     0.1884     0.0651     0.0549    -0.0061     0.0056     0.0458     0.1404     0.1354 
        1972     0.2287     0.1160     0.0694     0.0513     0.0145     0.0980     0.0981     0.1597     0.0708     0.0617 
        1973    -0.2944    -0.2987    -0.3236    -0.2015    -0.2569    -0.1388    -0.1686    -0.1740    -0.2148    -0.1065 
        1974    -0.4102    -0.3377    -0.2833    -0.3561    -0.3003    -0.2932    -0.2997    -0.2910    -0.3350    -0.3168 
        1975     0.2534     0.3040     0.3900     0.5060     0.2495     0.3643     0.4406     0.5711     0.4307     0.4123 
        1976     0.0590     0.1595     0.2777     0.3264     0.3993     0.3635     0.3816     0.3906     0.4671     0.5889 
        1977    -0.1424    -0.1192    -0.1074    -0.0794    -0.0273    -0.0207    -0.0248     0.0132     0.0751     0.0292 
        1978     0.0405    -0.0504     0.0052    -0.0321     0.0645     0.0247    -0.0132     0.0017     0.0436     0.0603 
        1979     0.0011     0.1515     0.2024     0.2289     0.1343     0.0718     0.2017     0.1364     0.1629     0.2177 
        1980     0.3043     0.2512     0.2276     0.3419     0.3192     0.2293     0.0824     0.0639     0.0746     0.0328 
        1981    -0.2879    -0.1640    -0.2199    -0.1893    -0.3057    -0.1675    -0.0718    -0.0444     0.0482    -0.0352 
        1982     0.0296     0.1795     0.1151     0.0285     0.0833     0.1313     0.1415     0.1818     0.1553     0.3093 
        1983     0.0471     0.1312     0.0385     0.1942     0.1743     0.1826     0.1814     0.1953     0.1704     0.3436 
        1984    -0.1812    -0.0854    -0.0781    -0.0176    -0.1054    -0.0038    -0.0497    -0.0046     0.0663     0.1235 
        1985     0.2095     0.2645     0.2799     0.2700     0.3505     0.2089     0.2293     0.2208     0.2694     0.2158 
        1986     0.0157     0.1034     0.0986     0.1621     0.0709     0.1153     0.1558     0.0875     0.1941     0.1297 
        1987    -0.0469     0.0408    -0.0168    -0.0581    -0.0504    -0.0625     0.0340    -0.1028    -0.0872    -0.0386 
        1988     0.0322     0.0601     0.1286     0.1130     0.1166     0.1206     0.1621     0.1337     0.2102     0.2672 
        1989     0.2768     0.2300     0.2684     0.0505     0.1832     0.2148     0.2303     0.2011     0.2019     0.1959 
        1990    -0.0144    -0.1064    -0.1628    -0.0701    -0.0967    -0.1984    -0.2590    -0.2006    -0.1707    -0.3672 
        1991     0.5058     0.2987     0.2044     0.1698     0.1586     0.1707     0.3688     0.2261     0.2755     0.2187 
        1992    -0.0442     0.0983     0.1452     0.1042     0.0808     0.0946     0.0114     0.1769     0.2322     0.3762 
        1993    -0.0864     0.0221     0.1049     0.1427     0.1198     0.1708     0.1592     0.1174     0.2102     0.3487 
        1994    -0.0099    -0.0160    -0.0492    -0.0363    -0.0413    -0.0145    -0.0289    -0.1052    -0.0674    -0.0671 
        1995     0.3043     0.3155     0.3137     0.3499     0.2961     0.2977     0.3679     0.3042     0.3016     0.3088 
        1996     0.1763     0.1346     0.1802     0.1724     0.1573     0.2553     0.2240     0.1333     0.1020     0.0886 
        1997     0.2637     0.1948     0.2640     0.3260     0.2444     0.3407     0.3668     0.2316     0.2517     0.2681 
        1998     0.3934     0.3236     0.1478     0.0039     0.0299    -0.0129     0.1322     0.0200     0.0360     0.2491 
        1999     0.2897     0.1185     0.1467     0.0150     0.1078     0.0573    -0.0794    -0.0502    -0.0572     0.0086 
        2000    -0.2572    -0.0265    -0.0955     0.1125     0.1743    -0.0527     0.2151     0.2505     0.1030     0.0222 
        2001    -0.2171    -0.1304    -0.0900    -0.0594    -0.0156    -0.0048    -0.0142    -0.0209     0.0160     0.0885 
        2002    -0.2553    -0.2665    -0.1515    -0.1818    -0.1636    -0.1504    -0.1596    -0.1297    -0.2623    -0.3314 
        2003     0.2162     0.3757     0.3151     0.3531     0.2987     0.3337     0.2964     0.3283     0.2785     0.5138 
        2004     0.0468     0.0673     0.1234     0.1631     0.1600     0.1059     0.1251     0.1442     0.2486     0.2071 
        2005    -0.0030    -0.0010     0.0382     0.0186     0.0600     0.0988     0.0567     0.0754     0.1101     0.0510 
        2006     0.0445     0.0245     0.0805     0.1683     0.1642     0.1446     0.1478     0.1605     0.2207     0.2008 
        2007     0.0954     0.0302     0.0608     0.0654    -0.1355    -0.0705    -0.0485    -0.0158    -0.0394    -0.0403 
        2008    -0.4268    -0.3164    -0.3007    -0.4173    -0.3834    -0.4697    -0.4435    -0.4274    -0.2911    -0.4779 
        2009     0.4333     0.3051     0.2408     0.2231     0.2449     0.2475     0.2125     0.2197     0.1988     0.6147 
        2010     0.2081     0.1197     0.1290     0.2013     0.2253     0.1994     0.1695     0.1488     0.1245     0.1561 
        2011     0.0499    -0.0140     0.0625     0.0271     0.0194     0.0118     0.0361     0.0159    -0.0376    -0.2162 
        2012     0.1787     0.1298     0.1600     0.1166     0.1375     0.1280     0.1352     0.1699     0.2177     0.4002 
        2013     0.2855     0.4077     0.3382     0.3172     0.3593     0.3744     0.3217     0.3554     0.3486     0.4431 
        2014     0.1133     0.1390     0.1223     0.1672     0.1181     0.1039     0.1112     0.0298     0.1372     0.1029 
